
Cluster 0:
imag: 0.08577160776317821
graph: 0.05597385105667513
algorithm: 0.05577077189995692
queri: 0.05304457611788486
encrypt: 0.03967248252575856
eqn: 0.0383779603415157
node: 0.03473404607619215
fingerprint: 0.03451662603451118
olap: 0.03316311389761349
irrat: 0.03056605690061007
pixel: 0.030275285382953522
vertex: 0.03007642882828012
dst: 0.029149008872176644
partit: 0.026417510566715697
matrix: 0.02618240504763818
bifurc: 0.025624060786856924
uid: 0.02431375749106683
vertic: 0.023473040722453452
gipsi: 0.02332639109916063
recognit: 0.023252891846302193

Cluster 1:
brand: 0.05180403849557507
firm: 0.032578183126503804
variabl: 0.028417453838193617
manag: 0.02699288339891266
market: 0.025605134127049706
custom: 0.023994494611652525
cost: 0.023482749499815662
social: 0.022009715259568425
agent: 0.021671779380070793
chain: 0.020551719767540916
trust: 0.020243761334456628
suppli: 0.020178074781978375
cluster: 0.01962242785967125
algorithm: 0.019460186392975073
estim: 0.01943076440875729
consum: 0.018317927699572866
organiz: 0.018249913887502304
softwar: 0.01823733038660495
csr: 0.018117109081911907
trade: 0.017381339157999307

Cluster 2:
student: 0.053977657821868454
cultur: 0.04716242768954311
art: 0.03888413583201382
social: 0.03769073006985759
teacher: 0.035670513563970954
music: 0.03116134465799256
learn: 0.031117805819101473
particip: 0.030202644250460715
artist: 0.02802877363881627
educ: 0.02755985111800821
polit: 0.025019227125807744
peopl: 0.023080592824381404
women: 0.021456132292613592
think: 0.021359994918602812
media: 0.020799954303698215
school: 0.02011054403538935
film: 0.019792577553120548
interview: 0.019564404006310196
learner: 0.01909137897317855
languag: 0.01848334061803186

Cluster 3:
sensor: 0.05404010812083554
beam: 0.0467737377878651
soil: 0.03949193839276659
load: 0.03598342945474126
fault: 0.03503543645478125
nfatc: 0.03375364987673501
uav: 0.03175202263613051
pile: 0.030341258628623892
electrod: 0.029754793099650123
curv: 0.026497931812959074
uwb: 0.025792835446953988
stress: 0.025748380423141815
actuat: 0.023823535887211613
cortisol: 0.023174969468137945
deflect: 0.023031776356041637
muscl: 0.022805902778664067
shear: 0.021938665299609406
seizur: 0.021892007995807986
tag: 0.021804427485309683
vibrat: 0.021439271354505546

Cluster 4:
node: 0.09464487315572273
packet: 0.0744035893021984
antenna: 0.06744845281132462
network: 0.05669767545560178
trace: 0.055078797801999445
channel: 0.05023478417573987
code: 0.043305957068614266
user: 0.04100432540688266
amf: 0.0397462433555307
servic: 0.03773323154479213
trac: 0.03690606223944303
wireless: 0.034696533064901475
protocol: 0.034490536916576386
algorithm: 0.0332206909812017
cassir: 0.031743995554033295
transmiss: 0.030233010743281545
softwar: 0.029374139129572333
web: 0.02872144141427409
phase: 0.02716554193504166
slot: 0.027113371039852695

Cluster 5:
energi: 0.051989235317822874
temperatur: 0.05038409096202377
degc: 0.04115724727955772
heat: 0.03612038339976148
fig: 0.0331298214253476
water: 0.03161143411465401
electr: 0.030283427329507083
protein: 0.029417025113018302
build: 0.02723787620792275
flow: 0.026999653278569475
thermal: 0.022891261927544596
vehicl: 0.022406105020965378
cell: 0.022002586270302993
concentr: 0.02050474853983993
brc: 0.018992972306311865
phase: 0.018792356342865513
calcul: 0.018622031432584382
effici: 0.018482404674551065
reaction: 0.018418588918088907
trna: 0.01823397766931353
