
Cluster 0:
trade: 0.16765339541046895
cure: 0.11532092474482666
price: 0.1058170787999695
firm: 0.09010383850641317
estim: 0.08819712604109993
censor: 0.07736616293456783
countri: 0.07614544410684791
firmlevel: 0.0738434282096698
cd: 0.06754783823935766
expenditur: 0.06497916816653303
hit: 0.06260164236586015
multivari: 0.060476081648101934
dbcde: 0.06004365854577226
nonparametr: 0.057464764983410986
countrylevel: 0.05672860072055026
gdp: 0.05628162616111108
covari: 0.05527615755795329
invest: 0.054995185286592106
gi: 0.050186687858063316
environment: 0.04900874655339677

Cluster 1:
women: 0.04007627729619001
film: 0.03993860238550906
social: 0.034476511487478115
cultur: 0.033722261627767036
peopl: 0.031186247523503224
art: 0.028935671700942838
particip: 0.027325343600663746
person: 0.02323841181367587
artist: 0.022851414954880793
polit: 0.022834252539951673
feel: 0.02210382158507718
media: 0.02191881494299195
live: 0.021723288087220752
space: 0.021569807585905227
brand: 0.020745684717510662
bodi: 0.020287122137660527
music: 0.019336584158785388
said: 0.019070689824416804
interview: 0.018624861642833217
think: 0.018594465147625028

Cluster 2:
firm: 0.04268890491317058
surfac: 0.02796489524339664
cell: 0.02696100953995028
soil: 0.024839601494356146
mm: 0.022158683171882517
market: 0.021924616858447914
flow: 0.0214920452560287
takeov: 0.020155807522558973
stock: 0.019731016991475187
veloc: 0.019593122046660708
antenna: 0.019458828570785486
sampl: 0.019079008169618692
variabl: 0.019048981354432903
channel: 0.01760856581491412
particl: 0.016582398537931448
q: 0.016102509756766747
water: 0.01582797879320081
pressur: 0.015143596571351206
fig: 0.015136739465899763
target: 0.015132044778196766

Cluster 3:
student: 0.16571400971550393
learn: 0.0944432124285116
educ: 0.08590291984704568
teacher: 0.07834104016920503
particip: 0.0652058729862027
children: 0.05072692952492184
child: 0.0455583815483388
teach: 0.042117965236985605
parent: 0.040788005891954124
social: 0.039746360883289075
cultur: 0.03884887554527788
classroom: 0.036567010814094816
task: 0.03645976850348782
art: 0.034295665818458526
curriculum: 0.033555027792624065
interview: 0.030917380274936387
question: 0.03086546339184989
languag: 0.02995390616733658
think: 0.029463379937738777
mathemat: 0.026706181513514574

Cluster 4:
water: 0.05988517423034297
temperatur: 0.051531791415573805
voltag: 0.0402449540423824
energi: 0.03453704808727372
simul: 0.031017679642304608
thermal: 0.03018155033192812
ventil: 0.029082720725990177
ua: 0.026675405618348334
heat: 0.026456732669929924
flight: 0.02531434727731696
pcm: 0.024389857469436435
particl: 0.023523496364926417
rotor: 0.022018245335470508
degc: 0.020787872467217795
torqu: 0.020682568181790966
optim: 0.020185164426204688
capacitor: 0.02008248923856327
fig: 0.01978517133303911
surfac: 0.01929107869002979
dc: 0.01924500946925144

Cluster 5:
algorithm: 0.05211255750945016
network: 0.04116721753476884
node: 0.039794875576496073
comput: 0.030293245358480814
detect: 0.028410822054333172
schedul: 0.027773903709829174
servic: 0.027509027827767176
dataset: 0.026371988614571604
optim: 0.024108369017715462
constraint: 0.02337319217498293
softwar: 0.022017035255281796
neural: 0.0217865664546904
graph: 0.021266076496472372
ieee: 0.021143916488580605
cluster: 0.02028789085220421
solut: 0.020057649155023075
user: 0.01987651525333587
code: 0.019647505860955736
pp: 0.019055427023860556
tupl: 0.018913608318669325
