
Cluster 0:
node: 0.04638307428486602
algorithm: 0.03518561410875683
imag: 0.03379110351366933
fig: 0.03119116679846228
packet: 0.0296477525977597
sensor: 0.02618935704655871
antenna: 0.0250595942001927
network: 0.024026798730590417
channel: 0.022953459324781596
beam: 0.02209551109886445
pp: 0.021152871662279495
trace: 0.020929935828923628
graph: 0.01946131548940305
load: 0.01904782849570249
code: 0.01838542519461889
cell: 0.01826897941162692
phase: 0.018268316091261713
user: 0.018104933696069393
frequenc: 0.018101498434179658
queri: 0.01760039156395536

Cluster 1:
brand: 0.027197218287328236
energi: 0.01842443232003779
firm: 0.018097091546405843
variabl: 0.01799044634834057
manag: 0.017367500657857225
agent: 0.016849426117183982
cost: 0.01664786499876842
temperatur: 0.015577674927523138
cluster: 0.015373901882569176
servic: 0.014669140049616936
estim: 0.014064970358666351
build: 0.013969389882532487
water: 0.013846777573666449
algorithm: 0.013585318231820444
flow: 0.013437159625595536
sampl: 0.013422726208610928
custom: 0.013376538242130576
soil: 0.013182775948973465
market: 0.01307025356039123
chain: 0.012101316808696213

Cluster 2:
student: 0.05427619872564632
cultur: 0.046842473646951745
social: 0.03963628615885319
art: 0.03861440921431021
teacher: 0.03462942793718472
learn: 0.030297551725333285
music: 0.030260832738684657
particip: 0.029952163007606038
artist: 0.0278947066652558
educ: 0.0270124009664173
polit: 0.024356982498826812
peopl: 0.022578918336201192
women: 0.021156560137042184
think: 0.020892999625340726
media: 0.02048153300816298
school: 0.0196708745802319
film: 0.01919094886031848
interview: 0.018989716575300342
learner: 0.018482079644247317
bodi: 0.017561541323885488
